36 1 0
7.2 0.2 0 0 0 0
0.0 0.0 0.0 0.0 0.0 0.0 0.0 0.0 0.0 0.0 0.0 0.0 0.0 0.0 0.0 0.0 0.0 0.0 0.0 0.0 0.0 0.0 0.0 0.0 0.0 0.0 0.0 0.0 0.0 0.0 0.0 0.0 0.0 0.0 0.0 0.0 
-3.9 0 3.4375 -0.00546448087431694 0 -0.0 0 0 0 0
-3.9 0 2.7824999999999998 -0.00546448087431694 0 -0.0 0 0 0 0
-3.9 0 2.1275 -0.00546448087431694 0 -0.0 0 0 0 0
-3.9 0 1.4725 -0.00546448087431694 0 -0.0 0 0 0 0
-3.9 0 0.8174999999999999 -0.00546448087431694 0 -0.0 0 0 0 0
-3.9 0 0.16249999999999967 -0.00546448087431694 0 -0.0 0 0 0 0
-3.9 0 -0.49250000000000016 -0.00546448087431694 0 -0.0 0 0 0 0
-3.9 0 -1.1475 -0.00546448087431694 0 -0.0 0 0 0 0
-3.9 0 -1.8025000000000002 -0.00546448087431694 0 -0.0 0 0 0 0
-3.9 0 -2.4575000000000005 -0.00546448087431694 0 -0.0 0 0 0 0
-3.9 0 -3.1125000000000007 -0.00546448087431694 0 -0.0 0 0 0 0
-3.9 0 -3.7675 -0.00546448087431694 0 -0.0 0 0 0 0
0.0 0 -3.4375 -0.00546448087431694 0 -0.0 0 0 0 0
0.0 0 -2.7824999999999998 -0.00546448087431694 0 -0.0 0 0 0 0
0.0 0 -2.1275 -0.00546448087431694 0 -0.0 0 0 0 0
0.0 0 -1.4725 -0.00546448087431694 0 -0.0 0 0 0 0
0.0 0 -0.8174999999999999 -0.00546448087431694 0 -0.0 0 0 0 0
0.0 0 -0.16249999999999967 -0.00546448087431694 0 -0.0 0 0 0 0
0.0 0 0.49250000000000016 -0.00546448087431694 0 -0.0 0 0 0 0
0.0 0 1.1475 -0.00546448087431694 0 -0.0 0 0 0 0
0.0 0 1.8025000000000002 -0.00546448087431694 0 -0.0 0 0 0 0
0.0 0 2.4575000000000005 -0.00546448087431694 0 -0.0 0 0 0 0
0.0 0 3.1125000000000007 -0.00546448087431694 0 -0.0 0 0 0 0
0.0 0 3.7675 -0.00546448087431694 0 -0.0 0 0 0 0
3.9 0 3.4375 -0.00546448087431694 0 -0.0 0 0 0 0
3.9 0 2.7824999999999998 -0.00546448087431694 0 -0.0 0 0 0 0
3.9 0 2.1275 -0.00546448087431694 0 -0.0 0 0 0 0
3.9 0 1.4725 -0.00546448087431694 0 -0.0 0 0 0 0
3.9 0 0.8174999999999999 -0.00546448087431694 0 -0.0 0 0 0 0
3.9 0 0.16249999999999967 -0.00546448087431694 0 -0.0 0 0 0 0
3.9 0 -0.49250000000000016 -0.00546448087431694 0 -0.0 0 0 0 0
3.9 0 -1.1475 -0.00546448087431694 0 -0.0 0 0 0 0
3.9 0 -1.8025000000000002 -0.00546448087431694 0 -0.0 0 0 0 0
3.9 0 -2.4575000000000005 -0.00546448087431694 0 -0.0 0 0 0 0
3.9 0 -3.1125000000000007 -0.00546448087431694 0 -0.0 0 0 0 0
3.9 0 -3.7675 -0.00546448087431694 0 -0.0 0 0 0 0
