3 12 0 1
2.9 9.0 0 0 0 0
0.725 -0.725 0.725
4.500 14.500 0.915000 0.02469 0 -0.303000 -14.500000 0 0 0 0 0 0
-3.720 17.400 -0.015000 0.02469 0 -0.178000 -17.400000 0 0 0 0 0 0
-11.750 14.500 0.015000 0.02469 0 -0.097000 -14.500000 0 0 0 0 0 0
4.150 11.600 0.015000 0.02469 0 -0.295000 -11.600000 0 0 0 0 0 0
-3.720 14.500 -0.015000 0.02469 0 -0.178000 -14.500000 0 0 0 0 0 0
-11.750 11.600 0.015000 0.02469 0 -0.097000 -11.600000 0 0 0 0 0 0
4.150 8.700 0.015000 0.02469 0 -0.295000 -8.700000 0 0 0 0 0 0
-3.720 11.600 -0.015000 0.02469 0 -0.178000 -11.600000 0 0 0 0 0 0
-11.750 8.700 0.015000 0.02469 0 -0.097000 -8.700000 0 0 0 0 0 0
4.150 5.800 0.015000 0.02469 0 -0.295000 -5.800000 0 0 0 0 0 0
-3.720 8.700 -0.015000 0.02469 0 -0.178000 -8.700000 0 0 0 0 0 0
-11.750 5.800 0.015000 0.02469 0 -0.097000 -5.800000 0 0 0 0 0 0
4.150 2.900 0.015000 0.02469 0 -0.295000 -2.900000 0 0 0 0 0 0
-3.720 5.800 -0.015000 0.02469 0 -0.178000 -5.800000 0 0 0 0 0 0
-11.750 2.900 0.015000 0.02469 0 -0.097000 -2.900000 0 0 0 0 0 0
4.150 0.000 0.015000 0.02469 0 -0.295000 -0.000000 0 0 0 0 0 0
-3.720 2.900 -0.015000 0.02469 0 -0.178000 -2.900000 0 0 0 0 0 0
-11.750 0.000 0.015000 0.02469 0 -0.097000 -0.000000 0 0 0 0 0 0
4.150 -2.900 0.015000 0.02469 0 -0.295000 2.900000 0 0 0 0 0 0
-3.720 0.000 -0.015000 0.02469 0 -0.178000 -0.000000 0 0 0 0 0 0
-11.750 -2.900 0.015000 0.02469 0 -0.097000 2.900000 0 0 0 0 0 0
4.150 -5.800 0.015000 0.02469 0 -0.295000 5.800000 0 0 0 0 0 0
-3.720 -2.900 -0.015000 0.02469 0 -0.178000 2.900000 0 0 0 0 0 0
-11.750 -5.800 0.015000 0.02469 0 -0.097000 5.800000 0 0 0 0 0 0
4.150 -8.700 0.015000 0.02469 0 -0.295000 8.700000 0 0 0 0 0 0
-3.720 -5.800 -0.015000 0.02469 0 -0.178000 5.800000 0 0 0 0 0 0
-11.750 -8.700 0.015000 0.02469 0 -0.097000 8.700000 0 0 0 0 0 0
4.150 -11.600 0.015000 0.02469 0 -0.295000 11.600000 0 0 0 0 0 0
-3.720 -8.700 -0.015000 0.02469 0 -0.178000 8.700000 0 0 0 0 0 0
-11.750 -11.600 0.015000 0.02469 0 -0.097000 11.600000 0 0 0 0 0 0
4.150 -14.500 0.015000 0.02469 0 -0.295000 14.500000 0 0 0 0 0 0
-3.720 -11.600 -0.015000 0.02469 0 -0.178000 11.600000 0 0 0 0 0 0
-11.750 -14.500 0.015000 0.02469 0 -0.097000 14.500000 0 0 0 0 0 0
4.150 -17.400 0.015000 0.02469 0 -0.295000 17.400000 0 0 0 0 0 0
-3.720 -14.500 -0.015000 0.02469 0 -0.178000 14.500000 0 0 0 0 0 0
-11.810 -17.400 -1.085000 0.02469 0 -0.139000 17.400000 0 0 0 0 0 0
