9 4 0
1 1 0 -3 0 2
-0.25 -0.25 -0.25 0.25 0.25 0.25 -0.25 -0.25 -0.25 
0 -4.5 -2.0 -0.01 0 -0.0 0 0 0.0 0.0
0 -4.5 0.0 -0.01 0 -0.0 0 0 0.0 0.0
0 -4.5 2.0 -0.01 0 -0.0 0 0 0.0 0.0
0 -4.5 2.0 -0.01 0 -0.0 0 0 0.0 0.0
0 -4.5 0.0 -0.01 0 -0.0 0 0 0.0 0.0
0 -4.5 -2.0 -0.01 0 -0.0 0 0 0.0 0.0
0 -4.5 -2.0 -0.01 0 -0.0 0 0 0.0 0.0
0 -4.5 0.0 -0.01 0 -0.0 0 0 0.0 0.0
0 -4.5 2.0 -0.01 0 -0.0 0 0 0.0 0.0
0 -1.5 -2.0 -0.01 0 -0.0 0 0 0.0 0.0
0 -1.5 0.0 -0.01 0 -0.0 0 0 0.0 0.0
0 -1.5 2.0 -0.01 0 -0.0 0 0 0.0 0.0
0 -1.5 2.0 -0.01 0 -0.0 0 0 0.0 0.0
0 -1.5 0.0 -0.01 0 -0.0 0 0 0.0 0.0
0 -1.5 -2.0 -0.01 0 -0.0 0 0 0.0 0.0
0 -1.5 -2.0 -0.01 0 -0.0 0 0 0.0 0.0
0 -1.5 0.0 -0.01 0 -0.0 0 0 0.0 0.0
0 -1.5 2.0 -0.01 0 -0.0 0 0 0.0 0.0
0 1.5 -2.0 -0.01 0 -0.0 0 0 0.0 0.0
0 1.5 0.0 -0.01 0 -0.0 0 0 0.0 0.0
0 1.5 2.0 -0.01 0 -0.0 0 0 0.0 0.0
0 1.5 2.0 -0.01 0 -0.0 0 0 0.0 0.0
0 1.5 0.0 -0.01 0 -0.0 0 0 0.0 0.0
0 1.5 -2.0 -0.01 0 -0.0 0 0 0.0 0.0
0 1.5 -2.0 -0.01 0 -0.0 0 0 0.0 0.0
0 1.5 0.0 -0.01 0 -0.0 0 0 0.0 0.0
0 1.5 2.0 -0.01 0 -0.0 0 0 0.0 0.0
0 4.5 -2.0 -0.01 0 -0.0 0 0 0.0 0.0
0 4.5 0.0 -0.01 0 -0.0 0 0 0.0 0.0
0 4.5 2.0 -0.01 0 -0.0 0 0 0.0 0.0
0 4.5 2.0 -0.01 0 -0.0 0 0 0.0 0.0
0 4.5 0.0 -0.01 0 -0.0 0 0 0.0 0.0
0 4.5 -2.0 -0.01 0 -0.0 0 0 0.0 0.0
0 4.5 -2.0 -0.01 0 -0.0 0 0 0.0 0.0
0 4.5 0.0 -0.01 0 -0.0 0 0 0.0 0.0
0 4.5 2.0 -0.01 0 -0.0 0 0 0.0 0.0
