36 1 0 0
7.2 0.2 0 0 0 0
0.0 0.0 0.0 0.0 0.0 0.0 0.0 0.0 0.0 0.0 0.0 0.0 0.0 0.0 0.0 0.0 0.0 0.0 0.0 0.0 0.0 0.0 0.0 0.0 0.0 0.0 0.0 0.0 0.0 0.0 0.0 0.0 0.0 0.0 0.0 0.0 
-3.783904 0.000000 3.421713 -0.005464 0.000000 -0.000000 0.000000 0.000000 0.000000 0.000000 0 0 0
-3.783904 0.000000 2.773140 -0.005464 0.000000 -0.000000 0.000000 0.000000 0.000000 0.000000 0 0 0
-3.783904 0.000000 2.123855 -0.005464 0.000000 -0.000000 0.000000 0.000000 0.000000 0.000000 0 0 0
-3.783904 0.000000 1.474023 -0.005464 0.000000 -0.000000 0.000000 0.000000 0.000000 0.000000 0 0 0
-3.783904 0.000000 0.823813 -0.005464 0.000000 -0.000000 0.000000 0.000000 0.000000 0.000000 0 0 0
-3.783904 0.000000 0.173390 -0.005464 0.000000 -0.000000 0.000000 0.000000 0.000000 0.000000 0 0 0
-3.783904 0.000000 -0.477078 -0.005464 0.000000 -0.000000 0.000000 0.000000 0.000000 0.000000 0 0 0
-3.783904 0.000000 -1.127423 -0.005464 0.000000 -0.000000 0.000000 0.000000 0.000000 0.000000 0 0 0
-3.783904 0.000000 -1.777477 -0.005464 0.000000 -0.000000 0.000000 0.000000 0.000000 0.000000 0 0 0
-3.783904 0.000000 -2.427074 -0.005464 0.000000 -0.000000 0.000000 0.000000 0.000000 0.000000 0 0 0
-3.783904 0.000000 -3.076048 -0.005464 0.000000 -0.000000 0.000000 0.000000 0.000000 0.000000 0 0 0
-3.783904 0.000000 -3.724232 -0.005464 0.000000 -0.000000 0.000000 0.000000 0.000000 0.000000 0 0 0
-0.000000 0.000000 -3.453970 -0.005464 0.000000 -0.000000 0.000000 0.000000 0.000000 0.000000 0 0 0
-0.000000 0.000000 -2.799565 -0.005464 0.000000 -0.000000 0.000000 0.000000 0.000000 0.000000 0 0 0
-0.000000 0.000000 -2.144428 -0.005464 0.000000 -0.000000 0.000000 0.000000 0.000000 0.000000 0 0 0
-0.000000 0.000000 -1.488729 -0.005464 0.000000 -0.000000 0.000000 0.000000 0.000000 0.000000 0 0 0
-0.000000 0.000000 -0.832640 -0.005464 0.000000 -0.000000 0.000000 0.000000 0.000000 0.000000 0 0 0
-0.000000 0.000000 -0.176333 -0.005464 0.000000 -0.000000 0.000000 0.000000 0.000000 0.000000 0 0 0
-0.000000 0.000000 0.480021 -0.005464 0.000000 -0.000000 0.000000 0.000000 0.000000 0.000000 0 0 0
-0.000000 0.000000 1.136249 -0.005464 0.000000 -0.000000 0.000000 0.000000 0.000000 0.000000 0 0 0
-0.000000 0.000000 1.792178 -0.005464 0.000000 -0.000000 0.000000 0.000000 0.000000 0.000000 0 0 0
-0.000000 0.000000 2.447638 -0.005464 0.000000 -0.000000 0.000000 0.000000 0.000000 0.000000 0 0 0
-0.000000 0.000000 3.102458 -0.005464 0.000000 -0.000000 0.000000 0.000000 0.000000 0.000000 0 0 0
-0.000000 0.000000 3.756468 -0.005464 0.000000 -0.000000 0.000000 0.000000 0.000000 0.000000 0 0 0
3.897116 0.000000 3.485196 -0.005464 0.000000 -0.000000 0.000000 0.000000 0.000000 0.000000 0 0 0
3.897116 0.000000 2.825145 -0.005464 0.000000 -0.000000 0.000000 0.000000 0.000000 0.000000 0 0 0
3.897116 0.000000 2.164343 -0.005464 0.000000 -0.000000 0.000000 0.000000 0.000000 0.000000 0 0 0
3.897116 0.000000 1.502965 -0.005464 0.000000 -0.000000 0.000000 0.000000 0.000000 0.000000 0 0 0
3.897116 0.000000 0.841186 -0.005464 0.000000 -0.000000 0.000000 0.000000 0.000000 0.000000 0 0 0
3.897116 0.000000 0.179182 -0.005464 0.000000 -0.000000 0.000000 0.000000 0.000000 0.000000 0 0 0
3.897116 0.000000 -0.482870 -0.005464 0.000000 -0.000000 0.000000 0.000000 0.000000 0.000000 0 0 0
3.897116 0.000000 -1.144793 -0.005464 0.000000 -0.000000 0.000000 0.000000 0.000000 0.000000 0 0 0
3.897116 0.000000 -1.806410 -0.005464 0.000000 -0.000000 0.000000 0.000000 0.000000 0.000000 0 0 0
3.897116 0.000000 -2.467546 -0.005464 0.000000 -0.000000 0.000000 0.000000 0.000000 0.000000 0 0 0
3.897116 0.000000 -3.128025 -0.005464 0.000000 -0.000000 0.000000 0.000000 0.000000 0.000000 0 0 0
3.897116 0.000000 -3.787672 -0.005464 0.000000 -0.000000 0.000000 0.000000 0.000000 0.000000 0 0 0
